3205 -278 276 103 312 103 -218 -209 -54 -95 -201 -75 -16 270 -373 178 -423 319 267 186
-244 9804 255 -268 205 129 363 -182 175 97 193 -132 -117 -85 43 -111 -282 -399 -90 0
159 -298 5329 -77 42 -151 389 75 -298 -263 249 31 -358 -339 30 -261 236 -20 -450 0
20 -175 113 3377 2 136 378 -6 -202 -87 259 28 319 205 9 62 154 59 -450 0
-356 -369 397 298 6422 -344 -328 -14 219 -204 -136 256 238 -392 257 -176 88 -139 361 -62
-252 -103 -300 -138 9 5184 174 207 -49 82 263 -12 -190 328 -201 -145 -373 80 -177 -186
-424 -93 -93 -81 -269 190 8804 -331 279 240 -319 -45 -22 188 387 -4 -357 -138 184 -248
241 -39 214 -394 -32 -118 277 6099 -348 -68 17 250 -269 235 243 -178 313 -407 -4 248
130 255 239 158 112 -226 -2 -94 5351 -238 -209 -290 -283 210 -250 -157 -2 254 183 -186
-218 119 131 30 -49 -27 -139 -213 140 3475 -15 146 123 211 -426 106 90 -88 -269 -62
-26 4 -358 140 -381 144 214 -468 -412 276 8139 -8 40 -114 195 -229 -210 -379 360 0
13 -115 269 -25 204 -123 92 -182 -84 -339 190 4221 179 -122 -125 -10 219 -80 177 186
273 347 -214 -471 12 -98 299 -200 -437 101 191 366 8467 362 266 -155 -10 76 -1 62
2 -460 -329 107 270 -442 119 195 -5 4 3 174 277 8472 8 -228 327 -66 93 -186
74 -3 -348 -99 326 103 186 -366 199 181 347 156 -15 -249 7588 -207 -82 79 0 0
103 2 -49 131 202 -262 -233 153 -265 -88 11 226 164 -74 -170 2810 -127 -75 -176 -248
328 94 298 268 318 -69 209 304 -394 -46 -154 18 333 -123 -346 -152 5954 -172 -448 -124
-71 -151 -24 -94 -148 -391 -75 -164 7 -157 -247 -164 80 143 -173 243 -414 6225 -94 248
-358 -268 350 -460 -176 2 364 178 94 -452 176 -184 -452 -460 -460 -178 -100 354 8098 124
62 62 -310 -310 124 62 124 -62 124 -62 -124 -124 -62 -310 -310 62 -310 -186 -62 3844